CMPUT-466 HMM PE_7
Brandon Best

b) 
P_b = 

	2.2000e-02
	2.7840e-02
	1.0822e-03
	4.9627e-05
	6.4176e-05
	2.5000e-06
	2.3057e-06
	1.7275e-06
	6.2639e-08
	2.3150e-09


c)
P_c =

	0.039171
	0.067290
	0.063591
	0.077881
	0.138366
	0.140884
	0.177406
	0.167432
	0.075207
	0.052774


