CMPUT-466 HMM PE_7
Brandon Best

b) 
P_b = 

	2.2000e-02
	2.7840e-02
	1.0822e-03
	4.9627e-05
	6.4176e-05
	2.5000e-06
	2.3057e-06
	1.7275e-06
	6.2639e-08
	2.3150e-09


c)
P_c =

	0.039171
	0.067290
	0.063591
	0.077881
	0.138366
	0.140884
	0.177406
	0.167432
	0.075207
	0.052774

d)

d* =
	
	1
	1
	1
	1
	2
	2
	2
	2
	1
	1

e)

prob_watch =

   9.7000e-02
   4.1095e-02
   2.4710e-03
   2.0757e-04
   9.4032e-05
   5.3493e-06
   3.0699e-06
   2.2086e-06
   8.7397e-08
   3.7547e-09

prob_not_watch =

   9.7000e-02
   3.7840e-02
   2.4156e-03
   2.2741e-04
   8.7880e-05
   5.6605e-06
   2.7271e-06
   1.7837e-06
   7.0131e-08
   3.3138e-09

Given that sum(prob_watch) = 0.14088 > sum(prob_not_watch) = 0.13758, it is more likely that Lucuis in indeed watching the game. 